,AO_DJ,AO_FM,EP-NP_DJ,EP-NP_FM,PNA_DJ,PNA_FM,SOI_FM,Nino3.4_DJ,Nino3.4_FM,NPI_anom_FM,NAO_DJ,NAO_FM,EA_DJ,EA_FM,WP_DJ,WP_FM,EA-WR_DJ,EA-WR_FM,SCA_DJ,SCA_FM,POL_DJ,POL_FM,seaice_ber_anom_DJ,seaice_ber_anom_FM,seaice_chuk_anom_DJ,seaice_chuk_anom_FM,NenanaIceThick,t2m,ssr,sd,days_since_march1
1980,-0.385,-1.183,0.53,0.505,-0.845,0.695,-0.1,0.53,0.125,-6.805,-0.375,-0.56,-1.185,0.025,-2.06,0.295,-0.43,-0.86,-0.535,1.045,-0.675,0.235,72796.097,75710.183,21679.526,-19276.681,39.75555555555556,15.234,53.472,0.104,
1981,-0.087,-0.989,1.02,0.0,0.945,0.74,-1.2,-0.155,-0.64,-6.466,-0.095,-0.525,-0.97,0.315,-0.04,0.025,-0.755,-0.115,-0.61,-0.14,0.99,-0.33,86952.835,26487.476,17966.648,-6019.92,39.75555555555556,22.897,53.002,0.087,
1982,-1.05,1.024,1.11,0.785,-1.085,-1.43,0.7,-0.035,-0.02,5.443,0.005,0.83,-0.785,-0.275,0.725,-0.365,0.16,1.035,-0.525,0.725,-0.035,-0.145,40701.977,-96388.226,24221.572,-31356.242,39.75555555555556,10.37,49.471,0.129,
1983,1.163,-1.187,-0.31,-0.455,0.66,1.735,-5.0,2.275,1.66,-14.832,0.76,-0.225,0.27,-0.705,-0.425,-1.015,0.165,0.22,-1.6,-0.025,-1.035,0.03,21124.389,49359.743,15481.615,-1402.764,39.75555555555556,9.16,58.031,0.128,58.0
1984,0.545,-1.345,-0.97,-0.215,-0.005,0.905,0.5,-0.85,-0.355,-6.56,0.665,-0.21,-0.745,-0.62,-0.535,-0.685,-1.0,-1.96,1.19,1.385,-0.15,0.74,-89707.528,94515.412,-31582.156,-29958.123,39.75555555555556,17.635,54.193,0.086,
1985,-1.18,-0.444,1.0,-1.54,-0.23,-1.09,1.65,-1.25,-0.755,8.899,-1.135,-0.595,-0.33,-0.35,-0.785,0.345,-0.195,0.28,0.235,0.435,-1.405,-0.12,-72888.154,-89663.552,18533.806,-1291.347,39.75555555555556,13.87,49.589,0.16,68.0
1986,-1.258,-0.486,0.52,0.45,0.84,0.46,-0.45,-0.535,-0.565,-8.771,0.805,-0.095,0.175,-0.13,-0.265,-1.565,0.155,0.64,0.325,1.045,-0.02,1.535,-65567.861,-8794.729,7294.795,2074.965,39.75555555555556,4.219,57.849,0.085,68.0
1987,-0.544,-1.61,-0.74,0.12,0.845,0.71,-2.1,1.13,1.055,-4.644,-0.82,-0.765,0.505,-0.375,1.66,0.295,1.02,0.225,-0.6,0.255,-0.545,0.205,-16733.32,5861.737,12678.787,4041.55,39.75555555555556,8.937,59.554,0.081,
1988,-0.135,-0.632,1.13,0.065,0.265,0.875,0.25,0.92,0.19,-2.562,0.58,-0.08,-0.095,-0.215,0.58,0.415,-0.17,-1.835,-0.63,0.545,0.73,-0.09,28827.164,28827.164,11798.344,11798.344,39.75555555555556,14.523,50.177,0.093,55.0
1989,2.393,2.405,-1.81,1.47,-0.62,-1.635,1.9,-1.965,-1.34,6.232,-0.15,1.68,1.06,-0.2,-0.36,-0.725,0.605,-0.255,-0.945,-0.88,0.165,0.79,159860.291,-167318.865,49909.344,-45284.596,42.0,4.257,58.624,0.121,59.0
1990,0.178,3.196,-0.58,-0.915,-0.26,-1.37,-1.85,-0.06,0.125,4.848,0.405,1.145,-0.295,1.43,0.99,0.055,-0.225,-0.085,0.005,-1.825,-0.645,0.07,36928.421,132275.205,32325.26,12665.613,36.0,16.28,48.868,0.178,49.0
1991,1.0,-0.702,-0.45,-0.035,-0.71,-0.04,-0.35,0.42,0.175,-1.05,0.415,0.065,-0.19,0.425,-0.505,0.525,1.46,-0.185,0.005,1.32,0.55,0.175,26541.132,117670.077,33274.269,7629.881,38.0,12.811,43.509,0.27,51.0
1992,1.082,1.053,-0.17,0.99,0.58,0.275,-2.4,1.765,1.58,-2.013,-0.155,0.64,-0.295,-0.135,0.215,0.155,1.425,0.11,-0.1,0.19,1.035,0.64,44819.715,102064.645,11301.677,18098.79,47.0,13.097,48.646,0.153,
1993,2.561,0.474,-0.65,1.165,-1.505,0.69,-1.0,-0.005,0.4,-7.574,1.355,0.21,0.53,-0.925,0.335,-0.12,-0.155,1.13,-0.665,-0.02,0.54,1.685,84439.566,11954.183,38453.719,10468.586,26.0,16.246,52.275,0.232,30.0
1994,-0.196,0.51,2.38,-0.295,-0.19,-0.52,-0.35,0.13,0.085,2.196,1.24,0.5,0.485,0.765,0.37,-0.69,0.07,-0.315,0.555,0.265,0.44,-0.15,27348.781,-22787.748,17641.893,-28610.383,51.0,9.237,45.676,0.132,
1995,0.37,0.911,1.03,0.33,0.295,0.355,0.5,1.135,0.595,-0.888,-0.535,0.88,0.33,-0.715,-0.95,-1.545,-0.21,-0.02,-0.49,-1.2,0.695,-0.165,159869.16,125632.392,48319.274,14189.657,34.0,4.348,52.583,0.167,52.0
1996,-1.663,-0.66,0.26,1.34,-0.03,-0.725,1.15,-0.905,-0.735,-0.852,-1.025,-0.59,-1.025,-0.885,-0.16,-0.115,-0.645,-1.26,1.335,0.965,-0.18,1.635,-50051.982,-106913.363,-5129.649,-3267.21,45.0,13.694,54.374,0.113,55.0
1997,-1.089,1.49,0.22,-0.045,-0.685,-0.555,1.1,-0.585,-0.31,-0.905,-1.03,1.305,0.805,0.665,-0.7,-0.2,0.97,0.03,0.34,-1.1,1.84,-0.85,-36702.965,7371.005,7456.67,11526.84,42.5,3.664,59.616,0.129,61.0
1998,-1.076,-0.218,0.62,0.49,0.575,0.79,-3.7,2.335,1.685,-8.74,0.335,-0.03,0.405,0.91,0.33,0.855,-0.06,0.805,-0.18,-0.305,-1.12,0.335,85552.808,120403.394,15410.735,13421.559,38.0,17.046,59.117,0.072,50.0
1999,0.732,-0.505,-0.89,-0.925,-0.415,-0.04,1.85,-1.69,-1.135,-0.408,0.895,-0.135,0.095,-1.825,-0.52,1.35,-0.91,0.41,-0.175,-0.015,-0.03,-0.62,28561.004,131541.739,29324.604,19155.555,46.0,8.32,55.086,0.075,
2000,1.156,0.312,-0.92,-0.475,-0.895,1.075,2.45,-1.755,-1.265,-10.819,-0.22,0.94,-0.17,-0.135,-0.445,-0.2,-0.06,-0.515,-0.04,-1.04,-0.675,-1.535,238356.46,37322.23,42864.298,9792.133,37.7,16.421,53.914,0.166,
2001,-1.657,-1.155,-0.9,-0.45,1.105,-0.06,2.15,-0.825,-0.555,0.59,-0.54,-0.83,0.32,0.42,0.035,0.26,-0.195,-0.115,1.065,-0.3,0.025,-0.915,-75695.361,-139524.743,14858.98,5114.936,38.8,9.69,51.318,0.117,
2002,0.029,1.103,-0.11,0.55,-0.22,-0.835,0.7,-0.28,-0.015,3.739,-0.48,0.56,1.15,1.03,0.25,0.8,1.15,-0.085,0.13,-1.0,-0.075,-0.35,122796.055,75567.772,44051.211,-372.565,48.0,8.885,58.835,0.074,
2003,-1.032,0.53,2.07,0.75,1.145,0.16,-0.8,0.985,0.5,-1.316,0.09,0.095,0.31,0.435,0.33,-0.42,-0.04,1.055,-0.725,0.595,0.955,1.05,-95551.06,-60238.884,-3084.709,10665.752,48.2,8.533,54.88,0.094,57.0
2004,-0.71,-0.605,0.66,-0.89,0.22,0.56,1.35,0.35,0.175,-2.256,0.09,0.035,-0.82,0.765,-0.69,0.365,-0.055,0.75,-0.06,0.49,-0.105,-1.165,-70627.694,-38158.006,-12660.983,-9016.078,35.5,6.096,52.54,0.117,52.0
2005,0.793,-1.309,0.73,0.01,-0.33,0.225,-2.35,0.7,0.405,-3.156,0.38,-1.415,-1.495,-0.505,-1.485,0.06,-0.315,-0.125,0.29,0.025,-0.575,0.145,-78694.07,-63754.626,9334.983,11551.636,32.0,18.22,50.608,0.118,57.0
2006,-1.137,-0.88,-1.07,0.385,0.485,-0.5,1.55,-0.915,-0.69,7.271,1.06,-1.385,-0.015,-0.635,0.945,1.275,1.065,0.455,1.035,-0.27,-0.66,-0.18,156642.499,13058.812,42672.652,8721.135,32.7,2.939,55.111,0.078,61.0
2007,2.158,-0.062,-1.14,-0.17,0.91,-0.27,0.1,0.92,-0.025,1.432,-0.01,0.065,0.695,0.945,1.09,-0.455,0.14,0.36,-0.95,0.535,-0.17,-0.61,11548.945,-25044.699,-25746.27,-13810.704,48.8,-7.225,59.867,0.057,54.0
2008,0.82,0.762,-1.25,-1.01,-0.61,-0.12,3.4,-1.63,-1.44,-0.584,0.09,0.03,-0.895,0.315,0.965,-0.67,-1.05,-0.175,0.42,-0.985,-0.415,0.095,-26774.915,178459.828,-68807.525,16630.637,45.6,12.174,51.931,0.056,59.0
2009,0.724,-0.276,-0.18,-0.4,-0.79,-1.43,1.9,-0.875,-0.74,9.707,-1.2,-0.095,1.03,-1.03,-0.53,0.965,-1.075,-0.495,0.46,0.01,-0.42,-0.395,86775.977,123068.879,17989.303,13918.208,46.0,3.683,50.139,0.098,60.0
2010,-3.0,-2.349,-0.58,-1.07,0.5,1.08,-1.75,1.63,1.075,-2.664,-1.8,-2.01,-0.055,1.24,-0.395,1.03,-1.27,0.03,0.915,0.32,0.325,-1.52,55284.691,163387.804,8957.02,6830.758,46.3,10.669,54.806,0.044,54.0
2011,-2.157,1.499,-0.42,-0.075,-0.54,-1.015,4.35,-1.57,-1.02,3.563,0.36,0.295,-0.6,-0.18,-0.88,-0.115,-0.44,0.33,0.145,-0.34,0.165,0.535,-39304.576,-26166.36,-14279.729,1537.699,41.1,5.978,60.077,0.097,
2012,1.0,0.5,-1.92,-1.46,0.095,0.255,1.0,-0.965,-0.64,1.22,0.465,0.48,-0.54,-1.185,-1.08,0.915,-0.67,0.355,1.285,-0.065,-0.995,-0.615,131365.552,272020.868,35400.103,18965.418,44.3,3.418,53.859,0.105,53.0
2013,-1.179,-2.096,0.12,-0.09,-0.63,0.02,1.05,-0.39,-0.385,3.931,0.34,-1.525,1.04,-0.05,-0.97,1.04,0.05,0.515,-0.325,0.215,-1.345,-0.78,81958.692,189601.155,19655.149,10867.012,49.3,6.934,55.023,0.101,75.0
2014,0.253,0.625,1.11,0.775,-0.285,-1.035,-0.7,-0.33,-0.45,0.908,0.73,0.755,0.39,1.575,0.205,-0.9,-0.88,-1.02,0.675,0.315,-0.86,-0.91,-76706.265,-62307.764,-23234.315,-26870.741,40.2,12.211,60.576,0.105,52.0
2015,0.753,1.44,1.27,1.155,0.255,-0.015,-0.4,0.61,0.445,1.356,1.78,1.085,2.125,0.58,0.17,-0.48,0.52,-0.325,-0.05,0.01,0.275,1.385,-141639.627,-138888.242,-36728.336,-5813.891,33.3,14.476,54.589,0.072,54.0
2016,-0.003,0.128,-0.35,0.235,1.205,1.045,-1.65,2.615,1.94,-6.404,-0.01,0.86,0.94,1.28,0.965,0.705,0.51,-1.065,-0.93,-0.385,-1.865,-1.28,-50512.013,-84399.798,8529.566,7566.822,36.0,18.314,54.713,0.052,52.0
2017,1.364,0.853,0.39,-0.415,-0.47,-0.04,0.7,-0.465,-0.025,-0.737,0.39,0.53,-0.825,0.805,0.44,-1.14,-0.5,0.06,-0.155,-0.175,-0.495,0.175,-149356.567,-95813.204,-95968.732,7099.203,39.15,-1.633,58.515,0.09,59.0
2018,-0.17,-0.414,0.66,0.265,0.22,-1.415,0.8,-0.98,-0.79,9.295,0.825,-0.02,0.995,-1.0,0.27,0.62,-1.025,1.315,0.895,-0.19,0.03,-1.085,-188721.563,-318526.782,-96171.598,-22897.597,26.7,14.594,49.118,0.142,55.0
2019,-0.301,1.633,1.07,1.655,0.49,-0.89,-1.4,0.77,0.76,2.901,0.6,0.39,-0.43,0.41,0.895,1.485,0.435,-0.35,0.375,-0.665,-0.175,0.81,-57248.025,-291467.616,-7598.075,-33574.53,25.3,26.284,50.591,0.038,
2020,1.415,3.029,-0.6,-0.675,-0.535,-1.24,-0.15,0.56,0.425,10.062,0.34,0.82,0.47,0.635,0.84,1.375,-0.225,0.255,0.89,-1.785,0.125,0.68,-92564.241,502.73,-95187.248,5298.246,34.5,8.252,45.838,0.158,51.0
2021,-2.11,0.459,-0.71,-1.045,0.435,-0.975,1.55,-1.075,-0.9,8.867,-0.81,0.035,-0.05,0.52,1.465,1.405,-0.69,1.905,0.315,-0.31,-1.05,-1.3,-101509.237,-55448.561,-50817.437,8938.754,45.2,5.539,49.526,0.104,57.0
2022,0.523,0.924,0.51,-0.275,-1.1,0.21,2.35,-1.0,-0.93,-0.96,0.26,0.93,-0.715,0.835,-0.73,0.095,-0.02,0.245,-0.01,-0.555,-0.775,-1.075,39749.149,2155.109,27885.194,9180.493,31.25,13.233,50.315,0.189,60.0
2023,-1.696,0.94,1.36,-0.04,-0.665,-1.52,1.3,-0.785,-0.285,8.836,1.325,-0.485,0.255,-0.16,1.6,1.575,-0.265,1.765,0.705,-1.39,-0.795,-0.015,-71668.814,-48886.718,-52599.017,1707.309,30.8,10.368,47.784,0.143,60.0
2024,-0.216,0.013,0.08,-0.02,0.415,-0.015,-0.85,1.925,1.34,2.679,-0.27,0.79,2.58,1.7,0.67,1.56,0.55,-0.21,-1.21,-0.55,-0.91,-1.84,-45353.071,-33419.859,-42126.626,15849.352,49.0,12.802,49.761,0.087,
